0.9896648391585163	0.005504504079830539	0.004830656761646652
0.0018700702472834025	0.9970525709362005	0.0010773588165111818
0.0020072319287770517	0.9979918939110217	8.741601984126407e-07
5.19691134341544e-06	0.9999817462280357	1.3056860618666874e-05
2.299273733242041e-07	4.302520431800001e-07	0.9999993398205821
0.04111654692148238	0.07810633345448299	0.8807771196240349
0.9999196245451971	4.1473605864814735e-07	7.996071874124755e-05
1.7504011268766194e-05	0.9999815453316465	9.506570921276841e-07
0.9652279504037791	0.030587611434433348	0.00418443816178773
2.289996877819786e-06	0.9999962060195056	1.5039836149536555e-06
0.0849076116201739	0.06736762728362283	0.8477247610961999
8.324738287224913e-13	5.358578427264995e-13	0.9999999999986406
0.9966169715085661	3.484816243277617e-05	0.003348180329008286
0.9972392961215145	0.0024705670548177674	0.000290136823672484
3.0251625472948055e-07	2.2872285692967143e-08	0.9999996746114761
0.9906844561817485	0.008757275729468713	0.0005582680887834017
0.0009240648260078485	1.818236772549463e-05	0.9990577528062584
1.5612847913920576e-07	5.801582633738193e-07	0.9999992637132531
0.999994889362566	4.871683985363556e-06	2.389534483788704e-07
6.526438518871925e-05	9.838687435787307e-05	0.9998363487404608
0.9999911279468696	1.487213784530019e-06	7.384839333650049e-06
1.1094837110388478e-05	5.087313469620632e-06	0.9999838178494163
0.9526885676754336	0.0002657103063079147	0.047045722018260426
0.0006079994650705568	0.9993021695954311	8.983093950061421e-05
3.870661743960812e-05	0.999927515577295	3.377780525735313e-05
0.0014425961921479477	0.9985441818146626	1.3221993191346356e-05
0.0012799254742182605	0.0004085870358492302	0.9983114874899331
2.7917658848302284e-05	4.9386303925198045e-08	0.9999720329548406
0.003537493580814811	0.8810539904958641	0.11540851592331286
0.9993276887003508	0.0005269085149878819	0.00014540278466904538
0.9943677091885964	0.005615621679552166	1.666913186506321e-05
0.9999996496381782	3.4115535311898817e-07	9.206464408449531e-09
0.9668856024438068	0.017944490698398697	0.015169906857796196
0.9996792196195788	0.00011302191334677393	0.00020775846705848686
0.005141480993848197	3.95641397559252e-07	0.9948581233647393
0.9939033772849647	0.00474094257295527	0.0013556801420755754
2.812428329291733e-06	0.9999429274433979	5.426012827619535e-05
0.3591199954250194	0.5487844146275784	0.0920955899474009
0.8506063653333363	0.007070538976665805	0.14232309568999665
0.9999953632251162	1.1505176950767507e-06	3.486257193617062e-06
0.06601735021909408	0.9169603639726533	0.0170222858082509
1.5255734526276727e-06	9.115048308250041e-10	0.9999984735150371
0.0006746076108465376	1.3280972169831926e-05	0.9993121114169888
0.00039868104996111084	0.9995006078348723	0.00010071111516798423
1.0803126267097894e-05	1.599372145466231e-07	0.9999890369365064
0.9786878548364417	0.007720226702349664	0.013591918461216377
0.9998805879358061	0.00011556254537214515	3.849518831613903e-06
0.9995549686493632	0.0004425114867416078	2.5198638908047125e-06
0.9985691474060275	0.0006016036779979487	0.0008292489159834047
0.9999445968791014	5.510955067084923e-05	2.935702263205558e-07
0.004314885453722269	0.9956761829717966	8.931574471462375e-06
1.5661557617682568e-06	3.8017552183081804e-08	0.9999983958266795
0.03426549921779556	9.482260691985768e-05	0.9656396781752831
0.20965461431515128	0.7774015749128893	0.012943810771957654
1.2485258889329455e-08	3.0744428379730807e-10	0.9999999872072909
0.9984087787065726	0.0009292096659478163	0.0006620116274870739
0.807747459697759	0.19210712504798622	0.000145415254253777
0.9999910223217428	3.355517261405198e-07	8.64212653340403e-06
0.05895600091713595	0.0005773272419691368	0.9404666718408942
0.15994051771638537	0.11089640004777893	0.7291630822358383
0.008546178694295591	0.0010106001307458627	0.9904432211749599
0.001224928459301191	0.8780518439147609	0.12072322762594628
0.9996936026052096	0.0002652003705609195	4.119702421232996e-05
0.9999143098844013	4.89453684427898e-05	3.6744747148683e-05
0.9878236629270629	0.002136790065735629	0.01003954700721052
0.00012123843458604549	0.00032492668463460916	0.9995538348807784
7.133115756326123e-06	0.999833812380605	0.000159054503648626
0.9998841402721933	4.5885428632766235e-06	0.00011127118492634369
1.8765123115578146e-06	7.845363213599061e-06	0.9999902781244554
0.9999974154322961	8.502335676372989e-08	2.4995443459436296e-06
0.0003310976895178248	0.9996641980666958	4.704243776643555e-06
0.13466268170469473	0.0940976994163739	0.7712396188789361
0.9151952917582739	2.987725065576992e-05	0.0847748309910726
0.015943937596338106	0.18664553293754	0.797410529466125
0.9933804490494164	8.20713215363469e-07	0.006618730237372005
0.10558670756677603	0.009170858943555824	0.8852424334896545
9.807603169767629e-07	7.20240784450997e-07	0.9999982989989021
0.9994504269739192	0.000539661191371415	9.911834695662981e-06
0.0001693396868896207	9.970632898520118e-06	0.9998206896802104
0.997572841881656	5.990413887485441e-05	0.0023672539794767724
0.00012982916675140574	1.5570271351590484e-06	0.9998686138061132
0.9996943551259309	1.5844223081674038e-06	0.0003040604517591213
1.971311783918102e-05	0.00021192684772278797	0.9997683600344472
0.9983352844187199	0.0016120599447312677	5.2655636556403356e-05
0.000652203228406415	0.0001678660338945539	0.9991799307377036
0.05656453271038951	0.0009883316788955258	0.9424471356107038
6.878561029147528e-06	7.834538753009917e-07	0.9999923379851096
0.9999902119059156	2.3913970498196206e-09	9.785702689094336e-06
0.9999656364900567	3.432840364948578e-05	3.510629383382349e-08
0.3463794512498971	0.37057356383155066	0.28304698491855135
0.0015151579920737576	0.0007489635236242994	0.9977358784843078
9.762902993747197e-05	1.4964799837936433e-05	0.9998874061702292
1.9382085332752684e-13	1.9175629192887935e-13	0.999999999999606
0.9977171252564744	0.0022610504291650374	2.182431436625382e-05
0.009295149603406341	0.9834359352847319	0.0072689151118618955
0.04887689652188304	0.015260968617104293	0.9358621348610122
0.009971723509720046	0.7825116894720088	0.20751658701826867
1.4794770431303955e-08	5.1582854459119044e-09	0.9999999800469539
4.2375682055698926e-07	2.6815604740662874e-10	0.9999995759750174
0.9999956610341906	4.1316721137626606e-06	2.0729369701816652e-07
0.9910303235160854	0.0017211395847451095	0.0072485368991669075
0.093947731486758	0.13578727709451915	0.7702649914187185
3.198118576653178e-08	0.9999999267552702	4.126353725497298e-08
0.017908371609908484	2.2393444076376876e-06	0.9820893890456796
0.016919870057673314	0.00346012387191684	0.9796200060704119
4.55832560157948e-08	9.132188048689184e-07	0.9999990411979376
0.00028123155381577905	5.840842403216084e-06	0.9997129276037783
0.015403196714361826	7.790364927472847e-05	0.9845188996363619
6.97529602134954e-05	2.323623970007616e-06	0.9999279234158172
0.0396802899813733	0.9472554112370846	0.013064298781542343
0.8250341758046327	0.00012722171441781867	0.17483860248094665
0.016508091759129574	0.9769511499093284	0.006540758331538044
5.445972158576335e-06	8.972748066294729e-06	0.9999855812797678
7.501375709713149e-06	1.9179544341546424e-05	0.9999733190799527
0.0418891794671117	0.017824279105043833	0.9402865414278347
0.0001373795568836554	2.057468102683737e-05	0.9998420457620933
0.9999488232684667	4.0925683702749975e-06	4.7084163160415603e-05
0.0023010205747893407	1.4146247950704353e-05	0.9976848331772681
4.7433682439446565e-05	1.6567174975363885e-05	0.9999359991425908
2.973389974487376e-08	7.250554970559986e-07	0.9999992452106055
0.06932500471673739	0.0007447486537130253	0.9299302466295648
0.9990924307412089	0.00043831836244325974	0.0004692508963459979
0.8825810111719501	0.11715991706548999	0.00025907176255206293
0.9979371045331513	0.0007896585797619273	0.001273236887073238
0.9861286173438506	0.005871843365318729	0.00799953929083079
0.9994119948295576	0.00016166341859113505	0.0004263417518427423
7.759777227420356e-06	4.76902184860854e-09	0.9999922354537436
0.0006997002518613448	0.999127359876154	0.00017293987199342706
3.842207069684836e-07	3.4565847121141634e-08	0.9999995812134574
0.9911057915346955	0.005894702022614999	0.0029995064426852082
0.00012372538693121598	6.694263447614627e-05	0.9998093319785827
0.002668836745704523	0.0011730317085375428	0.9961581315457575
0.9994089359888731	8.68179257718939e-06	0.0005823822185421763
0.051498881239258526	0.9387943377544583	0.009706781006288846
0.999548862551068	0.00021986343533639244	0.00023127401359422563
0.9997791583578776	3.462423678341921e-05	0.00018621740533666766
0.1424238728833346	0.0021153990860469742	0.8554607280306219
0.9818464975211445	0.017528747579553007	0.0006247548993103153
4.853555833509395e-05	1.0448200447631509e-07	0.9999513599596562
0.9999732232398546	5.68278737910712e-07	2.620848139923297e-05
0.0009346835732828474	4.23464009836313e-06	0.9990610817866215
0.970991377200261	0.028927572976562788	8.104982317758589e-05
0.9975770578843263	6.77650297020973e-08	0.0024228743506439225
7.458715408973463e-08	2.27224983034845e-08	0.9999999026903525
0.999999974337573	2.9033194205790258e-09	2.2759121576898786e-08
0.002435125696298618	0.08742288984250603	0.9101419844612063
1.7374011712927125e-07	3.43107415857285e-07	0.9999994831524571
0.0003579317880436347	0.0018804162199958486	0.997761651991957
2.110884851458554e-05	9.161546215270104e-06	0.9999697296052679
0.9987093793664839	0.00019169108249035604	0.0010989295510217714
0.0011838586413888265	0.0004180628729403497	0.9983980784856871
0.00012365864847044508	0.11537186386981618	0.8845044774817107
0.00011054980339525438	6.563234739410962e-05	0.9998238178492199
0.899477668510667	0.10052035402642269	1.977462909505722e-06
3.8295970940801946e-05	0.9999586912157828	3.0128132747882585e-06
1.613402717061389e-05	5.750902280664699e-06	0.9999781150705502
0.07038452580373855	0.015380695091692641	0.914234779104576
0.00786355284303044	0.0027454650553007933	0.9893909821016715
6.482233265192295e-05	0.00018493607603275346	0.999750241591303
0.0001244095327586404	0.0006621092250998062	0.9992134812421324
0.9997310834247057	0.00017557534463416092	9.334123066144463e-05
0.9998620860035519	1.6844357116768977e-06	0.00013622956073536705
0.0005109939779056288	0.9654148352107312	0.034074170811373185
1.6369217199002208e-05	0.9999813662339662	2.264548826237172e-06
0.009775096106330242	0.9901597846046836	6.511928899377662e-05
0.9989523828575936	2.1944978221729627e-07	0.001047397692619308
0.7955014287790345	0.19434548490990064	0.010153086311062941
1.8970304592059928e-05	1.15658198279442e-06	0.9999798731134261
0.14922910825715452	5.3438278270809524e-05	0.8507174534645798
0.0011241747276636883	1.356290002406732e-06	0.9988744689823361
0.9999669559078181	2.7815450385119848e-05	5.228641810366574e-06
0.010426309765367113	0.9874057525169088	0.002167937717721442
1.1954936392571283e-08	6.700053222240247e-10	0.9999999873750598
3.4061344193527744e-07	1.993505219024036e-06	0.9999976658813468
0.9983700925870815	4.491270801510158e-05	0.0015849947048979561
0.9997339185092252	2.5063056420818356e-06	0.00026357518513843426
5.1558621570818893e-05	8.364934939305013e-05	0.9998647920290448
0.2626086308696993	0.6620201456707676	0.07537122345953758
0.00015504952797432234	4.205986667158915e-06	0.9998407444853656
3.7434203026668697e-06	0.9939248013233549	0.006071455256333465
0.00022457662616043642	6.748513548794346e-05	0.9997079382383482
0.001028342008959291	0.0074326948211076655	0.991538963169931
0.9999744016627353	1.994108602055017e-05	5.657251245522572e-06
3.256785374084243e-05	0.9965023562586429	0.00346507588760666
0.40522892597629917	0.024896054458837913	0.5698750195648571
7.569903175281812e-07	5.008899654136924e-08	0.9999991929206677
0.999813106076635	1.9572081285260713e-05	0.00016732184207300543
3.519483731916161e-06	0.999992767853792	3.7126624733007426e-06
0.026258947543211775	0.973466796773916	0.0002742556828693311
0.000638494381104752	0.015255826949343361	0.9841056786695639
0.16089485832920664	0.824550346304901	0.014554795365888343
0.999998567602821	7.312087209199995e-08	1.3592763050105335e-06
0.999137128375017	8.163347571140086e-05	0.0007812381492794301
0.0005577658695190552	1.1200016384299106e-05	0.9994310341140873
0.9999859637916803	4.746119508784784e-06	9.290088801809965e-06
1.8378165926553221e-06	5.454736813383476e-07	0.999997616709727
1.76454168060529e-05	0.0007842168721303759	0.9991981377110761
5.152382945777761e-07	0.9999991926782542	2.9208345601019123e-07
0.9999732796217193	1.1859173901252967e-05	1.4861204393705202e-05
0.0025702894175947573	4.2796856813794944e-05	0.9973869137255973
0.21735008831259697	0.4289949019282751	0.3536550097591231
0.02272265945819907	0.0003814183747660703	0.9768959221670286
0.9981892724141808	0.0004850893051730704	0.0013256382806449093
0.02310967161049453	0.00397123897768106	0.9729190894118139
0.3088403894588425	0.023766050574702012	0.6673935599664594
0.9999797900259079	3.7066649967966816e-07	1.983930760775009e-05
0.001377997875581944	0.00017573039005560083	0.9984462717343563
0.007422530132822567	6.402827556770362e-05	0.9925134415915919
0.022003443862053128	0.016299557018548783	0.9616969991194073
0.05358458896623542	0.06447210637756776	0.8819433046561965
6.213568973529377e-05	0.9999277420768535	1.0122233403645612e-05
0.002260049333484593	0.0009831328959345733	0.9967568177705767
0.00013907873619402612	7.433064979576634e-06	0.9998534881988284
0.0021747152528516518	7.767207274320734e-06	0.9978175175398727
0.201855397315123	0.0022760388604594096	0.7958685638244031
0.999998500564117	1.560653445434247e-07	1.3433705497790024e-06
0.0017987262568324076	0.9952405826250632	0.002960691118100712
1.9453922447123814e-07	9.71698987985222e-10	0.9999998044890733
0.9999859967933348	4.017087396993754e-06	9.986119264197934e-06
0.001293552182205644	0.102406488049981	0.8962999597678207
0.028776485082555724	0.0014284078488782694	0.9697951070685649
0.9997757630933884	0.00022170197846033097	2.5349281638632543e-06
0.13575688662679808	0.7989319910395554	0.0653111223336386
0.07996851896004431	0.00426892452360007	0.9157625565163526
0.0041150290105381356	0.0021244120092472722	0.9937605589802108
0.023809947844417194	0.5117227823520565	0.46446726980352393
1.6509690525572741e-06	1.173412557938343e-05	0.9999866149053732
7.0952910457920996e-06	1.6138003726905155e-07	0.9999927433289071
2.5700187035910693e-05	3.708486391696919e-05	0.9999372149490422
2.2596892450077016e-06	0.3296376485809593	0.6703600917298101
1.4403153865009434e-05	0.9999558228075105	2.977403861437153e-05
0.007483817684023107	0.9873361145076547	0.0051800678083213465
0.9995756390214239	7.216436023256728e-07	0.0004236393349705305
0.01969987327654276	0.9664977223695279	0.01380240435393925
0.9999118971209331	8.146706405331574e-05	6.635815021914846e-06
0.000629329176150704	0.0008362996650999723	0.9985343711587458
0.7726587816172699	0.22713351967884868	0.00020769870389878518
0.9955851189332036	0.004413108840378619	1.7722264232658273e-06
0.039269053367354624	0.9577802983768983	0.002950648255755233
0.0002460455179857568	0.9997377938105532	1.6160671456738847e-05
0.9955646480847088	0.0013158666827544608	0.0031194852325434714
4.1748416627077885e-12	3.921585102495261e-12	0.9999999999919031
0.3816058256725222	0.5782731341909254	0.040121040136552155
0.05656453271038951	0.0009883316788955258	0.9424471356107038
0.0012928633775259077	3.341566351007561e-05	0.9986737209589683
0.00014651208841848305	2.16651029845785e-06	0.9998513214012809
0.00222845570619547	0.00014807717529466064	0.9976234671184979
0.9999089358425844	8.19774274753663e-05	9.086729938574429e-06
0.0022073424019274967	0.6880431816604724	0.3097494759376
0.00011187533562923128	0.9839241254252384	0.015963999239132304
0.9995913604235391	0.00036033891705096363	4.830065940918806e-05
0.9674562919379561	0.004603795074492018	0.02793991298755096
0.11287745836553292	0.15210857274400477	0.7350139688904597
0.9172067628837601	0.06119767078517635	0.021595566331068614
0.0029821545993376926	0.9968148467294776	0.00020299867118884894
0.989339164116405	0.010654871281091048	5.964602518743965e-06
0.0010063734174846188	0.0005388247456433332	0.998454801836867
0.9999363275441665	8.074607017843802e-08	6.359170978030537e-05
0.12002075656855467	0.00011743416541605415	0.8798618092660244
0.2234617166280027	0.03250882485612388	0.744029458515873
0.0032581301356687307	0.00039847269996547504	0.9963433971643678
0.00051647068981285	0.9959740678572574	0.0035094614529214423
0.9767887704767252	0.014744449874309484	0.008466779648968206
2.466785976612102e-10	7.0599799439983e-14	0.9999999997532522
0.9999934058573481	1.7584533348664797e-06	4.835689313375139e-06
7.361048533162029e-05	0.9997183863635575	0.00020800315111670618
0.013720264584183336	0.1848292981299261	0.8014504372858933
0.004998111664919456	0.0015476013446904023	0.9934542869904076
0.00011131303249699973	0.9998365357009196	5.215126657892161e-05
0.9480157768549298	0.0026750625446228973	0.04930916060045138
0.8815754480757474	0.11682797207963383	0.001596579844624325
0.9999847597786755	5.580475052009129e-06	9.659746262051603e-06
0.9962741913298087	0.0037257755661059206	3.310408318161669e-08
0.9878950318701577	0.012081144618233002	2.382351162042731e-05
0.9939375710921671	3.760530366279578e-05	0.006024823604169495
0.9884680691430252	8.428903110442061e-06	0.011523501953870542
0.5515402401603184	0.10263566532105699	0.3458240945186211
2.8402088885631184e-07	1.227797665118533e-09	0.9999997147513219
0.9999637298676682	3.604563812852105e-05	2.2449419555645447e-07
0.0019428389873698373	4.0597468634296346e-07	0.9980567550379311
3.184586899409503e-06	0.9999965936825757	2.217305317309815e-07
0.9997703440213748	5.8984965174337056e-05	0.00017067101345474693
0.11020556392268971	0.0007427535795919345	0.8890516824977275
0.0010755816664208588	2.8871422861385676e-05	0.9988955469107209
0.9414575355271496	0.03324558963112096	0.025296874841728496
0.001969234264390274	0.9936623940190522	0.004368371716555667
0.1251707097525453	0.3340780806417186	0.540751209605739
0.9998137127217405	9.803823101212594e-05	8.824904725833952e-05
4.904538570469818e-07	0.9999091306659915	9.037888015095598e-05
0.9773624549622124	0.00029003637671248485	0.022347508661071963
0.9721131717719061	5.50986383333477e-06	0.027881318364266352
0.7415023330391994	0.11713824198228895	0.14135942497851198
0.47756275095068856	0.16627242093945296	0.3561648281098565
0.0031580092775806215	1.833561387531192e-05	0.9968236551085315
0.0021008894808014896	0.997625389573122	0.00027372094607751573
5.238117963332384e-06	1.2058303958406638e-07	0.9999946412989938
4.1514654434200937e-07	4.317871417125174e-06	0.9999952669820528
0.9727582321956653	0.0002226129761147976	0.027019154828222113
0.0004563224799167469	1.797212961535493e-05	0.9995257053904575
2.881080879520556e-06	0.9999133810672362	8.373785189443179e-05
0.3598670661640839	1.3177911397569976e-06	0.6401316160447711
0.9657291763631513	0.02062098131492931	0.013649842321923051
0.9998782244927313	5.280941724290857e-06	0.00011649456553741685
0.9913645797635284	0.008433715897012457	0.0002017043394555577
0.004638889829188078	0.9835257018831377	0.01183540828767842
0.039676302908917375	0.13243326543726383	0.8278904316538244
0.00035225555777432537	0.9768599663898677	0.02278777805235794
0.9999989723010003	1.575733218762206e-11	1.0276832366586283e-06
0.9999126856980252	8.731031986977016e-05	3.982113810273648e-09
0.9997600446206713	0.0002355936400664513	4.3617392629375e-06
0.00020425560334913707	2.962024028242674e-07	0.999795448194243
2.8214881220305654e-05	4.3571458431473356e-08	0.9999717415473317
0.9995672732801105	1.9708794314281435e-06	0.0004307558404455664
5.136828995373687e-05	0.9998184983557603	0.00013013335428851752
0.006057959651306212	0.99255824747851	0.0013837928701789116
0.00010000683535423841	0.9988158762230056	0.0010841169416407914
0.00013706088974006742	4.464128184112564e-06	0.9998584749820797
4.253188848858043e-06	5.942200000617765e-08	0.9999956873891512
0.9946434358000533	1.7977751977858516e-05	0.005338586447973244
0.013909071295036426	0.9832980167718193	0.0027929119331418263
0.9999901249730182	1.5798715830181564e-06	8.295155398565953e-06
0.9999665787535551	3.17548957974527e-05	1.6663506440403858e-06
0.5224531277467298	0.00107302713991262	0.4764738451133386
0.9999999526622569	2.5517471523224468e-08	2.182026732369151e-08
0.00026758197606287215	9.342309022628077e-05	0.9996389949336918
0.007581222058711753	0.0014360954707957692	0.9909826824704896
0.988027895071959	0.00012916274339374952	0.011842942184645659
3.797190918387387e-05	0.0011331791601336208	0.998828848930687
0.0008728820581338824	0.0006518395373475875	0.9984752784045134
0.0002768514421329493	0.9984082391319272	0.0013149094259334952
0.999992938894008	7.0534446419467075e-09	7.054052543392496e-06
1.551233671330355e-06	1.2579599182343613e-05	0.9999858691671499
0.8666456621460588	0.0019282939161280196	0.13142604393782442
0.00013579033019549795	0.00048398010530660454	0.9993802295644961
0.9996722425188674	6.067922580875092e-08	0.00032769680191126486
5.427557997988007e-05	1.0679918153550302e-05	0.9999350445018566
0.008494366685418113	0.9725463302875137	0.018959303027060576
5.637460184940131e-09	4.0311577699775145e-10	0.9999999939594352
0.02446811123146858	0.8635547083830345	0.11197718038550017
0.9984784402200071	0.001367702527637176	0.00015385725234930316
0.9803843214895218	0.00921143891980073	0.01040423959067177
0.0008063982991644902	0.9987127946743249	0.0004808070265018063
0.02604570255532789	4.6682783232833606e-06	0.9739496291663419
0.0008726803110976413	0.0006975982405156743	0.998429721448388
0.9998215739244374	0.00017501036272238952	3.415712844584721e-06
0.9885410652729403	3.006344691098177e-06	0.011455928382384148
0.00025872172959183877	0.008374368966930319	0.9913669093034667
0.0018090525755994342	0.9979611471463846	0.00022980027800910763
0.04945247581012472	0.0001984917741843864	0.9503490324156939
0.9974417090472584	1.41080536486266e-05	0.002544182899087238
3.3540695464217784e-06	5.589925362750891e-06	0.9999910560050944
0.9217756967340133	0.015207074834581835	0.06301722843140921
0.5258650760105886	0.20404307927516754	0.2700918447142406
7.102082003237275e-08	0.9999998929808992	3.599827543139705e-08
0.003259310949635145	0.9933993699487472	0.0033413191016080242
9.306987310199054e-06	2.2783726465574736e-06	0.9999884146400472
0.997112476899518	0.00288383846934606	3.6846311278680527e-06
0.0012303553541918332	0.9987651607264363	4.483919366290912e-06
0.03151089525717874	0.00802880182393604	0.9604603029188831
0.0001150060710243498	1.331273048339876e-05	0.9998716811984932
0.9999999748893623	2.1864794510803255e-09	2.2924161394913626e-08
1.0155159105052458e-06	1.9455308181502147e-07	0.9999987899309956
2.7731861321415414e-06	4.217557279184e-06	0.9999930092565859
7.041194828522494e-05	1.2566138996936519e-05	0.999917021912727
0.0059437987798833195	2.9526919768084182e-06	0.9940532485281496
0.9977071972274126	1.7694844712371764e-05	0.0022751079278694984
0.9814257846305509	0.018398910564017195	0.00017530480541719248
0.9997494846254085	0.00025051420275105197	1.1718468331081903e-09
0.9987144389469321	0.0012842056634241514	1.355389645482695e-06
0.0008391072134091022	2.2714121887094467e-07	0.9991606656453689
0.08328850024321564	0.9148692509736669	0.0018422487831215213
0.9999887194598033	9.369579147159118e-07	1.0343582276067282e-05
0.00035585830420298417	0.004108644531513993	0.995535497164282
0.001184139304231568	0.2378014180684547	0.7610144426273167
0.011431047377025303	0.0006406125607637571	0.9879283400622085
0.9961506300582521	0.0038195631010049416	2.9806840745524868e-05
0.9992513972456615	0.0006481823649071071	0.00010042038943469072
0.07023385028861044	0.06366638034808234	0.866099769363302
0.9997212927978442	1.5289629931774598e-07	0.000278554305855779
0.9370132678318451	0.0009478128344133454	0.062038919333739555
0.9999997011671126	5.411075752094079e-08	2.4472211468650525e-07
0.0035383770164817666	0.0008243148217530582	0.9956373081617689
1.5850270868032725e-05	1.971313468652059e-05	0.9999644365944403
0.011694231470889133	0.0008369948393016014	0.9874687736898037
0.9998369896925614	0.0001623562378376492	6.540696052378988e-07
2.4348080763771842e-06	3.3677470239880194e-06	0.9999941974449037
0.9990528249756233	0.0005769831874895804	0.0003701918368832827
0.00280117773194965	0.9971301173503356	6.870491771720645e-05
0.018819876171940402	0.012915962864123297	0.9682641609639288
9.389916093377114e-06	6.297045278176323e-07	0.9999899803793845
0.001180368525814584	0.027101749085948576	0.9717178823882429
1.1389557693177573e-10	9.25306895867984e-12	0.9999999998768526
0.08253143914399365	0.10701652620833746	0.8104520346476739
0.9948610488014389	0.004628876865684736	0.0005100743328750519
0.001183722966712369	0.00037161000360105443	0.9984446670296883
0.009291859237001755	0.0007969967828973869	0.989911143980099
0.00017499041261450471	0.0013748663205486544	0.9984501432668406
0.00017085706622355773	0.9994960821460823	0.00033306078768600533
5.433956861779386e-06	1.4845288553054554e-06	0.9999930815142973
0.00020105922006716646	0.9997883149183602	1.062586156736105e-05
1.207638358394826e-05	0.11701632100215738	0.8829716026142543
0.9998675923884889	0.00011827697749079907	1.413063402519883e-05
0.0003566172327351796	3.9170965672188744e-05	0.9996042118015914
0.007129144372483841	0.005104909600695094	0.987765946026831
2.8468460316947994e-08	0.9999999599870923	1.1544444765862777e-08
0.9890860010775404	0.006656001855307923	0.004257997067153118
0.9865397614730735	0.0021780533040646004	0.011282185222863622
0.9079295123289091	0.07108879833134914	0.020981689339747273
1.5616480765150487e-06	5.043659893312545e-06	0.999993394692027
0.009176721295331206	0.9888824933995506	0.0019407853051169176
0.99867928198789	0.00027862860126788683	0.0010420894108292516
0.04016900427094248	0.07760234334112587	0.8822286523879463
0.9604025743555908	0.03824881858655749	0.0013486070578533937
0.0018540389517896435	0.0026066422783355167	0.995539318769875
4.906269679378551e-05	0.9997890817447346	0.00016185555848135326
0.9997882544449623	2.1183339631072063e-05	0.0001905622154056367
0.9986530271674975	2.524718817307558e-05	0.0013217256443210025
0.04215240520103434	0.9555721583115085	0.0022754364874566758
0.9999999994936005	4.91152245238944e-10	1.5257199546702827e-11
0.996716053818419	1.2243166212926336e-05	0.003271703015377597
0.010801703825335029	0.9874294871144939	0.0017688090601751273
0.9874323962867495	0.00011488856813954136	0.012452715145103656
2.553561569575886e-06	3.6767804427809323e-06	0.9999937696579783
6.237505486975291e-06	0.0034044644017854737	0.9965892980927388
0.6457521331902341	0.16515392616469404	0.18909394064506643
0.011111322131551048	4.2137537123265377e-07	0.9888882564930701
0.9997796469007141	0.00021279268104497219	7.560418239646645e-06
2.3218149998528345e-11	4.3663591486906626e-11	0.9999999999330973
9.214087248174153e-05	8.181087995760703e-06	0.9998996780395247
5.775657588211475e-07	0.9999731644839188	2.6257950312780494e-05
0.9966591953289543	1.595064027829969e-08	0.0033407887204138322
0.311867799367324	0.012624125254252204	0.6755080753784184
0.9999996241566494	3.2360464966184305e-07	5.2238693263592187e-08
0.00021449152645176792	0.9974460341546338	0.0023394743189104044
3.996617293827761e-06	0.9999952333385116	7.70044186914312e-07
0.9997557118127438	1.1792740612355245e-05	0.00023249544664536548
0.9999083594911612	3.962343201145854e-06	8.767816563862244e-05
1.0001179513115624e-06	1.139269465619155e-08	0.9999989884893572
0.5889090260576573	0.300684435576951	0.11040653836539913
1.1723549356515569e-05	9.774467433383198e-07	0.9999872990038909
0.000762854453631185	0.9990895408172339	0.0001476047291384036
7.065907246083844e-05	1.43212098196774e-05	0.9999150197177241
6.2629260991015335e-06	0.9997108977709454	0.0002828393029598295
0.9998069441682852	1.770263517217357e-05	0.0001753531965259404
6.077962526636267e-10	1.3411341554787036e-11	0.9999999993787864
0.021117455937483706	0.9137837786556423	0.06509876540686965
0.00011756605094704581	0.0033843983772163955	0.9964980355718369
0.001607075118615462	0.9303814461334801	0.06801147874790422
0.023042797345680745	0.003195774208310411	0.9737614284460073
0.9955591418510646	0.004436674990635448	4.18315829629619e-06
0.9944529539930091	0.00015397687366586505	0.00539306913331061
0.9998629307211095	0.000137039401185442	2.987770438700353e-08
0.16256477699447072	0.010744870327094395	0.8266903526784393
0.8823631659828748	0.11756871949920356	6.811451793406242e-05
3.715074411846169e-05	0.9996270602708545	0.00033578898502329546
3.009773090297213e-07	2.1186264162449933e-06	0.9999975803962717
6.325809421913131e-07	1.656717977049249e-08	0.9999993508518884
0.4724904588593624	0.5274970839128661	1.2457227776756716e-05
0.0370963878154591	0.018088668697865202	0.9448149434866828
0.9975919453876643	0.0014689967449422793	0.0009390578673937071
0.0002842808619475322	0.00026513149250113145	0.9994505876455452
0.9929322820362432	0.0014333508443271305	0.005634367119428554
1.768963244920552e-05	0.0005095700211618186	0.9994727403463773
0.0001696224269026416	0.9998184244128349	1.1953160252762478e-05
0.9999838975893535	1.2035995062621433e-05	4.06641557881979e-06
0.9319612132256565	0.053357664481568666	0.01468112229276881
0.9999463522697258	1.0545420947779492e-06	5.259318816442563e-05
0.9999532186283971	3.6163487462653157e-07	4.641973673069836e-05
0.9998048952623206	1.0960165576181824e-05	0.00018414457211170338
0.0027230020386412677	0.00018115048685767805	0.9970958474744995
0.9987748386696189	4.3426416726283605e-06	0.0012208186887013271
1.8293944984035846e-05	0.9991295308897452	0.0008521751652750716
0.0003493098408592892	2.3013197284526495e-05	0.9996276769618652
0.10922646214758794	0.0039802815287442745	0.8867932563236715
2.592719340267611e-06	4.2694903760654255e-07	0.9999969803316212
0.004088760146221761	0.9956686985976616	0.00024254125612368306
0.00012660224811721115	0.042435697209618206	0.9574377005422738
0.9999969088445823	2.4183047089410387e-06	6.728507145346296e-07
0.9998268461628871	0.00017268870194044595	4.651351687038519e-07
2.00352348164452e-06	0.00022878689651177741	0.9997692095800115
0.02596397946554277	0.17515405213159674	0.7988819684028461
0.04528869499367236	0.9538955893324129	0.000815715673918436
0.009921907266329006	3.758778351263218e-05	0.9900405049501508
0.9999985371983674	9.65751621103561e-07	4.970500125674302e-07
5.397661564232849e-06	5.320111744971379e-06	0.9999892822266906
0.00481785483210334	0.001399136924936742	0.9937830082429614
0.1287903221368261	0.8647052250231488	0.006504452840029227
0.9999973714241769	1.170280926518965e-07	2.511547717668885e-06
0.07148882672632735	1.566405268339845e-05	0.9284955092209847
0.9999975184934241	2.8088774654804235e-08	2.45341779894714e-06
0.0007081532998995149	0.000399751582500421	0.9988920951175843
0.999426708768848	0.0005680368400914579	5.254391044748563e-06
0.03656650577209843	0.006609731493723629	0.9568237627341676
0.9999748812840622	2.37610030471833e-05	1.3577128926663768e-06
0.000994796206266786	0.013089082566340745	0.9859161212273831
0.0012949609929883473	5.870158923280403e-05	0.9986463374177822
0.9995928698969895	0.00030081220069850384	0.00010631790231128508
5.380117495832644e-07	4.23649699624767e-07	0.9999990383385415
4.2225355899462304e-07	1.605510455963935e-07	0.9999994171954021
0.9998546096061951	0.0001248076333413926	2.058276046943804e-05
0.0155875705161465	0.973246210866212	0.011166218617639691
0.0014546951608040573	0.9985221392163566	2.316562283603492e-05
0.05461091418594158	0.014313962811211015	0.9310751230028355
0.7949734770466763	0.08754786773807234	0.117478655215254
0.15626331744395283	0.000656819458504187	0.8430798630975489
0.9980944664517586	0.0007052424452696287	0.0012002911029814912
0.9999787447579929	1.0755406464117267e-05	1.0499835540239455e-05
0.9796716440997504	0.0007359667558749551	0.01959238914437577
1.3105628224764547e-05	2.9435514837813955e-06	0.999983950820275
0.0010151173517106871	0.009600758349198818	0.9893841242990763
4.9676633527380624e-05	5.0524631490316316e-05	0.9998997987349968
6.489328129674105e-07	1.0639917690925457e-07	0.9999992446680167
0.9999326432213523	1.683958268020247e-07	6.718838280826388e-05
1.5227296905125626e-05	0.9999703750207303	1.4397682357200231e-05
0.0005293531064284999	0.000827042452884875	0.9986436044406757
3.4610370117060444e-07	7.191513625619747e-08	0.999999581981163
5.048539659703997e-09	2.7261524273344295e-11	0.9999999949242045
0.988780666180193	0.00037958274282970367	0.010839751076962736
4.484587635620666e-05	0.9999512683290751	3.88579456095692e-06
3.4308776025339e-07	7.023737113549335e-07	0.9999989545385417
0.0007528595325619504	0.998244143291761	0.0010029971756841483
7.031046030011576e-06	1.9225523313120397e-05	0.9999737434306505
4.145323646432576e-06	9.081519622765307e-07	0.9999949465244062
0.9985440957279615	0.0001302217952959075	0.0013256824767418753
0.9996220562514211	4.585253999488329e-05	0.0003320912085849244
0.997917954060166	5.050561714718604e-07	0.0020815408836606735
0.9999975586009929	9.82258375668896e-11	2.441300779649494e-06
0.9999248902724257	2.358482062561294e-06	7.275124552630963e-05
0.6200843907418823	0.006614064997215177	0.37330154426090045
0.9999685865755653	3.1147040897152904e-05	2.663835349849609e-07
0.0024180240711781788	1.2203022789922805e-05	0.9975697729060169
0.9986106644696123	0.000864103722575901	0.00052523180781728
0.009167214504144669	6.042572144655372e-06	0.9908267429237188
2.208690473009341e-06	4.321827340422606e-10	0.9999977908773415
0.9559211017932855	7.547002566143158e-05	0.04400342818105946
0.05363685698577836	0.44062188618748793	0.5057412568267285
0.9381916541932498	0.0611209340606641	0.0006874117460871276
1.8575989038543322e-05	3.978516632678708e-06	0.9999774454943269
1.749069035785144e-06	0.9979454295213126	0.0020528214096512936
0.0029069209058431443	0.5475184258872479	0.4495746532069053
0.0003941270969667831	0.0002002437390519939	0.9994056291639752
0.9980725765400271	3.517659589054203e-05	0.0018922468640939574
0.003347063537136074	0.9914886617013092	0.0051642747615625526
0.9846755108463742	0.005607896795292431	0.009716592358329303
7.439851635302251e-06	0.9999891442274904	3.4159208692758252e-06
0.013867676809762877	0.19476457272795744	0.7913677504622695
0.9997795814958818	9.3472674583856e-07	0.00021948377736931215
4.0991586191418595e-05	3.2867097094064534e-05	0.9999261413167008
4.5845322397877714e-05	0.9999497263861243	4.428291470937602e-06
0.9684863929113915	0.027593149789987222	0.0039204572986205515
0.9977962970586766	1.433001995645576e-05	0.00218937292137637
0.0010334328454860793	0.007133925928006054	0.9918326412265057
2.6200207861330514e-05	1.3115780885131208e-05	0.9999606840112534
0.9648296540841693	0.01349811924997763	0.021672226665868936
0.9998866366750754	7.62907106108768e-06	0.00010573425386944522
0.0002173832951824189	0.9996757888939661	0.000106827810859751
0.9999796935225792	8.956442375629188e-06	1.1350035057060065e-05
0.6208554791886463	0.031509602283630686	0.3476349185277279
0.9998587910323534	0.00010665232399137119	3.4556643654999585e-05
0.0017206926242234208	7.658339765939429e-07	0.9982785415417955
0.999906129935032	9.145526467586147e-05	2.414800291205611e-06
0.014027968208244564	0.0104989687127537	0.9754730630790159
0.2609003166180141	0.33661168690917326	0.40248799647280664
0.9999883340748039	9.035035443710394e-10	1.1665021689604422e-05
1.3195302789956728e-06	9.954410779226953e-07	0.9999976850286405
0.9999129257392757	6.486504648424745e-05	2.220921424380824e-05
0.0008148236151604298	0.9889073209780779	0.010277855406768281
0.9999989723010003	1.575733218762206e-11	1.0276832366586283e-06
0.057776363128795194	0.9421977763251997	2.5860546001821805e-05
3.754689850378877e-06	1.4482307931795231e-07	0.9999961004870841
0.0004072093950700008	0.9995324997443664	6.0290860568598106e-05
0.9973898833207311	0.0021390504178504777	0.00047106626141555854
9.495604631999682e-05	6.82977784507264e-06	0.9998982141758299
0.9984371870879787	1.4194432696348784e-05	0.0015486184793276595
0.9313362131700438	0.06830993725492378	0.00035384957502117596
0.9998324275408831	1.8716873365396298e-05	0.00014885558574871937
0.006980759832834647	0.0007332108579240857	0.9922860293092371
0.002257635617002121	0.00034146464578280433	0.9974008997372219
0.8871807945922169	0.10891142452844566	0.003907780879340769
6.4843014628700785e-06	0.999726018186675	0.0002674975118680175
0.871626228287236	0.06464890202910444	0.06372486968365522
0.00592568348031721	0.9931268196086837	0.0009474969109950032
0.009504801896089569	0.841754667735131	0.14874053036877508
0.9993609841316736	0.0005752524208044727	6.376344751647821e-05
0.01000974398170359	0.0030723860201870077	0.9869178699981029
0.9999299572738997	5.385986123270164e-08	6.998886624245637e-05
0.109017403296019	0.8875861486335465	0.0033964480704374023
8.087856594370229e-07	6.412464955636084e-06	0.9999927787493894
8.831664028617093e-05	0.25456883013711695	0.7453428532225983
0.9949641569105365	0.0010293297170801301	0.004006513372372352
0.9999993995998769	1.3223812550422093e-08	5.871763070107888e-07
1.3356657078763957e-05	3.889429635333412e-07	0.9999862543999612
0.9999999474768485	1.1614671177929443e-09	5.136167941273046e-08
1.3400278020831904e-05	0.0008492760234828662	0.9991373236984834
0.9999515680421802	3.361641195331017e-05	1.4815545865371668e-05
0.9999931161769016	6.732263461386092e-06	1.5155964544645156e-07
9.727383843373182e-06	3.656059232393771e-05	0.9999537120238272
0.9998543670365014	0.00012795746938824837	1.7675494106547923e-05
0.9995536058860361	0.00024713441039880504	0.00019925970356907716
0.0003932964692514757	0.0014481787054100707	0.9981585248253305
0.00022810189628244237	0.9941690887899955	0.005602809313713917
1.4943441725603051e-05	3.174094659919251e-06	0.9999818824636102
1.741788034914902e-06	1.6931181750553563e-07	0.9999980889001298
0.006339928451678891	0.9935958971967058	6.417435161002613e-05
0.9983437887696862	0.0014439065210540664	0.00021230470926179274
0.00024047041499250578	9.909626994842938e-06	0.9997496199580114
0.0006286234463899999	3.13459415633399e-05	0.9993400306120521
0.9846860441544836	0.005228416047350775	0.010085539798159127
0.07378354648759358	0.5329095366371097	0.39330691687530045
0.9999969222201464	2.4265518506882073e-06	6.512279934635955e-07
0.9912890437213425	0.002965084474219294	0.005745871804435863
0.9999999996124729	1.7823238561448556e-10	2.0928591056683796e-10
0.3116665267980302	0.611779712746546	0.07655376045542876
2.3272963532440277e-10	4.5035969334722015e-11	0.999999999722224
0.9954490444610262	0.0015237892387978465	0.003027166300168483
0.9999212768835563	2.3005824498279648e-06	7.64225339949263e-05
0.9325360034989907	0.06593408741975669	0.0015299090812523181
2.974565639500534e-08	0.9999984983846028	1.4718697424858132e-06
6.143519595999135e-05	0.9999014833992983	3.708140473938082e-05
3.9081881069751555e-05	2.9716987924204992e-05	0.999931201131004
0.9999235620800672	1.8044690272887947e-05	5.839322965272832e-05
0.9999985904777826	8.942675876950896e-07	5.152546380115157e-07
0.0002136318040106337	5.32897195817854e-05	0.9997330784764202
0.0011428254446846598	1.0599930257956596e-06	0.9988561145622826
1.5928287992985055e-05	0.999926041051929	5.803066007597402e-05
0.9982463640493537	1.1173407305270642e-05	0.0017424625433376335
2.1496752211923228e-05	1.71980444346385e-05	0.9999613052033494
0.9969546472271847	0.0029252870185462556	0.00012006575426724919
0.016999300208314427	0.023674067287336252	0.9593266325043494
0.2297157824664421	0.2936282885728969	0.47665592896067166
0.9974871738676758	1.9610899492366348e-06	0.0025108650423782304
0.00014646663013094912	2.9515782953071317e-07	0.9998532382120432
0.9995096804357745	9.856882440333414e-05	0.0003917507398186423
0.01158621677730639	0.0020563626826398404	0.9863574205400546
0.9999996603812314	1.6146766524844522e-07	1.7815110858934592e-07
0.9999842570719131	4.7814545310009e-07	1.5264782619172222e-05
0.18721501896627687	0.0491141451169068	0.7636708359168165
0.9998548387563688	1.1565621027144567e-07	0.0001450455874157031
0.9999419366886795	5.803880251921212e-05	2.4508799420322054e-08
0.005646317867208634	0.0003569783430908397	0.9939967037896963
0.029824926997073592	0.0007267800652376161	0.9694482929376785
